AYMERIC 0 0.000000 0.000000 0.000000 0.000000 0.000000
DYLAN 1 0.000000 0.000000 0.000000 0.000000 0.000000
ANGELE 2 0.000000 0.000000 0.000000 0.000000 0.000000
STEVEN 3 0.000000 0.000000 0.000000 0.000000 0.000000
GUILLOM 4 0.000000 0.000000 0.000000 0.000000 0.000000
ANMZO 5 0.000000 0.000000 0.000000 0.000000 -1.000000
AAAAAAA 6 0.000000 0.000000 0.000000 0.000000 -1.000000
AAAAAAA 7 0.000000 0.000000 0.000000 0.000000 -1.000000
AAAAAAA 8 0.000000 0.000000 0.000000 0.000000 -1.000000
AAAAAAA 9 0.000000 0.000000 0.000000 0.000000 -1.000000
